text2 1 90.00 90.00 90.00 90.00
text3 1 70.00 70.00 70.00 70.00
text4 1 100.00 100.00 100.00 90.00
text5 1 10.00 20.00 30.00 40.00 50.00
text6 2 20.00 30.00 40.00 50.00 60.00
text7 2 30.00 40.00 50.00 60.00 70.00
text8 2 40.00 50.00 60.00 70.00 80.00
text9 2 50.00 60.00 70.00 80.00 90.00
text10 2 60.00 70.00 80.00 90.00 100.00
text11 3 70.00 80.00 90.00 100.00 90.00
text12 3 80.00 90.00 100.00 60.00 60.00
text13 3 90.00 100.00 40.00 30.00
text14 3 100.00 90.00 80.00 60.00
text15 3 90.00 80.00 70.00 60.00 50.00
text16 4 80.00 70.00 60.00 50.00 40.00
text17 4 70.00 60.00 50.00 40.00 30.00
text18 4 60.00 50.00 40.00 30.00 20.00
text19 4 50.00 40.00 30.00 20.00 10.00
text20 4 40.00 30.00 20.00 10.00 70.00
text21 5 30.00 20.00 10.00 70.00 60.00
text22 5 20.00 10.00 70.00 50.00 60.00
text23 5 10.00 40.00 60.00 20.00 40.00
